1373
619
685
1493
1305
697
733
305
1275
1795
641
1479
489
1887
1981
1293
1571
655
781
925
1543
543
1669
631
1747
15
1609
945
1955
1329
805
1919
1269
311
893
79
1341
1701
303
1849
939
1105
943
745
1785
1355
1013
639
1905
1789
397
693
1597
567
395
1165
1525
393
1879
89
1333
635
93
207
591
191
885
1061
341
763
141
1787
327
1465
503
585
1303
379
1809
1773
1481
1135
145
1547
545
803
1969
415
1793
1387
927
1593
969
955
1047
869
233
1327
1677
929
581
33
1043
1231
863
723
865
1625
357
443
1997
1351
1179
1123
743
117
1999
1369
717
69
605
847
725
991
1245
711
1119
237
1081
1439
1657
1505
375
1067
1089
829
465
333
535
473
1549
1561
1057
705
429
1143
139
851
1763
931
1889
175
1381
271
1007
1831
1097
1615
71
365
1761
1963
1221
63
735
1085
1973
467
1265
403
1719
17
1323
1825
561
1063
1581
1139
1229
209
119
1255
621
291
1069
1537
553
1365
1125
549
1949
1819
1897
651
447
1675
877
843
151
977
477
1155
1345
391
263
261
457
279
1313
1217
1209
323
1433
1379
1699
1441
501
889
547
625
691
853
1213
1867
1161
687
197
371
1531
1291
1847
1017
55
1177
437
1377
659
2001
1821
1893
737
23
231
993
907
957
815
2011
887
1633
451
1309
663
1367
875
1791
1159
747
367
317
1031
481
1749
1271
1667
937
347
11
759
1499
1585
95
1717
1495
669
1697
1203
99
1959
1947
793
161
1497
1289
715
1725
169
997
841
1175
177
1019
1399
1371
1393
1091
49
573
665
961
1475
1647
761
2027
129
827
671
1685
319
909
463
309
399
905
911
1147
1629
1187
1895
39
1695
1991
589
795
2031
623
1967
217
681
785
2023
1451
731
1961
1663
1339
331
1401
787
1621
189
219
325
1389
779
1567
1477
1607
611
2013
153
1461
435
505
1237
757
721
1745
469
1197
1311
1079
1671
213
183
949
679
1299
1083
407
405
355
689
195
131
1665
1853
1673
1807
1447
1287
531
825
185
1421
267
507
295
1491
1055
657
1315
1863
1207
1435
211
75
1469
1101
645
637
431
1489
223
1413
275
1813
729
385
255
497
377
1651
1163
1635
1843
155
1405
1683
1841
1509
1649
661
1715
1141
915
599
901
773
2021
125
511
575
529
917
1623
423
861
281
1137
1343
2039
427
1541
1353
899
2019
903
583
1977
845
1555
1241
2037
1735
53
1285
813
563
201
935
1001
1661
537
587
1975
163
1501
47
123
345
941
1279
343
1903
1051
1011
1855
521
713
987
1519
577
839
1679
519
471
1971
1979
1233
1471
1691
1027
247
2047
1281
673
413
1713
1755
1641
1065
1799
1425
1029
19
1295
31
1021
517
1115
1627
245
1563
1455
1427
1253
1223
1689
753
1225
647
523
1093
913
2005
1603
1803
1765
1771
1941
1191
265
1385
179
321
1173
13
649
741
1111
1107
509
349
487
831
1517
283
1145
1875
1645
411
967
1259
1337
97
91
1391
1523
1409
1817
699
173
1539
1553
1511
499
1805
461
871
41
1407
1133
133
1015
2007
1655
109
73
1871
1243
1117
1613
1463
1911
1881
111
923
1703
989
541
1837
21
597
765
227
253
389
1053
1095
615
2033
1087
1559
25
1659
1321
1529
1989
807
1301
557
1443
1449
83
2003
1195
1533
373
181
43
1721
269
339
1565
769
361
1643
817
607
1415
1865
37
1777
1601
1263
593
1181
1731
701
313
359
727
101
1041
821
301
1201
1861
797
1583
1251
921
1483
995
1909
1171
273
293
1833
409
617
353
667
199
559
633
1103
1149
1727
1009
45
287
1769
539
1185
1131
1611
809
2029
975
1705
1595
1049
1851
569
1335
1545
1261
115
1937
239
1383
2043
1995
29
1395
767
643
1877
81
307
971
425
1325
1993
881
879
1605
1957
873
1403
525
1487
171
533
1925
1535
221
3
381
449
1927
2025
867
983
1729
51
1827
351
973
383
297
259
1985
439
1247
1257
67
249
1249
1277
1375
1003
1839
1935
1331
1951
1983
933
475
891
1075
849
629
959
1569
527
1901
1205
771
653
2017
947
1419
417
811
143
1099
965
315
1859
1741
107
895
1921
1811
1235
1737
1507
147
137
1167
1883
1775
1637
329
683
1933
225
1693
1297
823
1193
1711
493
1037
285
1359
1923
601
1153
835
1885
751
1071
1109
1687
1929
1431
455
1639
1757
703
755
1283
1211
777
1987
127
1781
1907
1617
1273
157
1767
495
27
421
2009
1267
1835
445
1723
859
485
1857
999
1797
1457
1591
1943
515
801
1227
677
1953
387
1779
1913
1151
739
1579
749
479
1931
1939
1199
1801
963
897
363
1815
121
1023
1317
675
1121
401
65
783
441
1319
1707
337
571
1473
1363
551
1733
215
159
857
1869
1485
289
85
335
1039
1073
1577
1515
603
299
1033
565
1059
1397
555
251
1783
1513
1965
57
919
1891
1219
1873
1045
1411
1357
483
165
1169
9
1417
1829
1077
979
513
985
595
87
1823
203
613
35
775
167
1459
1587
2035
883
837
1527
833
229
1361
709
1709
243
1759
187
981
103
1423
1183
799
1753
951
1129
77
1631
1215
855
695
149
1005
491
2041
277
707
1915
193
5
433
719
257
1589
1429
1557
1653
1035
453
59
419
953
1551
2045
1945
1751
1453
105
1347
1917
1025
1521
1503
369
1743
789
1599
1239
1681
1575
205
61
1619
459
1
1445
819
241
7
235
1157
791
1899
2015
113
609
1189
1113
1467
627
1573
1437
1845
1739
135
1349
1307
1127
579