971953
928739
792016
354106
652882
978759
303048
19531
516067
445448
829645
372600
519730
661854
250190
645710
863704
837519
8880
788140
354838
87374
653767
976500
500930
275368
931669
455122
614337
828241
970915
112949
706534
176702
583269
702780
455214
979827
216101
109469
24506
788445
586413
573290
20386
304727
527451
274422
361796
893612
79897
185125
349040
502121
358073
595934
710898
643665
222846
221411
911404
602435
292641
292794
497512
515366
323313
542985
769280
486739
488631
490188
553270
392773
592303
926969
361003
531388
742851
20355
713309
774346
522721
929807
911740
377422
182714
348551
38941
104953
893215
875637
468428
825312
582903
623706
665425
232947
397137
969695